120,sample,10,161842048,80134
